#Grid-Scan using Optidos
#Timet: 13-11-18-13:12:31
#Unit: Gy
#Duration: 5 s
#
#Aufloesung:
#  0 besser als 0.5%
#  1 zwischen 0.5% und 1%
#  2 schlechter als 1%
#Meﬂbereich:
#  0 Low
#  1 High
#
x[mm];y[mm];z[mm];Value;Resolution;Range
24.4;24.1;0;0.002626;0;0
24.4;24.1;0.3;0.002362;0;0
24.4;24.1;0.6;0.002082;0;0
24.4;24.1;0.9;0.001759;0;0
24.4;24.1;1.2;0.001479;0;0
24.4;24.1;1.5;0.0012;0;0
24.4;24.1;1.8;0.000975;1;0
24.4;24.1;2.1;0.000786;1;0
24.4;24.1;2.4;0.000593;1;0
24.4;24.1;2.7;0.000448;2;0
24.4;24.1;3;0.000337;2;0
24.4;24.1;3.3;0.00025;2;0
24.4;24.1;3.6;0.000171;2;0
24.4;24.1;3.9;0.000122;2;0
24.4;24.1;4.2;0.000082;2;0
24.4;24.1;4.5;0.000056;2;0
24.4;24.1;4.8;0.000037;2;0
24.4;24.1;5.1;0.000024;2;0
24.4;24.1;5.4;0.000016;2;0
24.4;24.1;5.7;0.000011;2;0
24.4;24.1;6;0.00001;2;0
25.4;24.1;6;0.00001;2;0
25.4;24.1;5.7;0.000013;2;0
25.4;24.1;5.4;0.000022;2;0
25.4;24.1;5.1;0.000035;2;0
25.4;24.1;4.8;0.000055;2;0
25.4;24.1;4.5;0.000086;2;0
25.4;24.1;4.2;0.000126;2;0
25.4;24.1;3.9;0.00018;2;0
25.4;24.1;3.6;0.000262;2;0
25.4;24.1;3.3;0.00037;2;0
25.4;24.1;3;0.00051;1;0
25.4;24.1;2.7;0.000697;1;0
25.4;24.1;2.4;0.000916;1;0
25.4;24.1;2.1;0.001218;0;0
25.4;24.1;1.8;0.00155;0;0
25.4;24.1;1.5;0.001944;0;0
25.4;24.1;1.2;0.002431;0;0
25.4;24.1;0.9;0.002977;0;0
25.4;24.1;0.6;0.00358;0;0
25.4;24.1;0.3;0.004206;0;0
25.4;24.1;0;0.004861;0;0
26.4;24.1;0;0.0067;0;0
26.4;24.1;0.3;0.005683;0;0
26.4;24.1;0.6;0.00474;0;0
26.4;24.1;0.9;0.003904;0;0
26.4;24.1;1.2;0.003153;0;0
26.4;24.1;1.5;0.00251;0;0
26.4;24.1;1.8;0.001946;0;0
26.4;24.1;2.1;0.001517;0;0
26.4;24.1;2.4;0.001167;0;0
26.4;24.1;2.7;0.000858;1;0
26.4;24.1;3;0.000636;1;0
26.4;24.1;3.3;0.000455;2;0
26.4;24.1;3.6;0.000326;2;0
26.4;24.1;3.9;0.000228;2;0
26.4;24.1;4.2;0.000156;2;0
26.4;24.1;4.5;0.000107;2;0
26.4;24.1;4.8;0.000067;2;0
26.4;24.1;5.1;0.000046;2;0
26.4;24.1;5.4;0.00003;2;0
26.4;24.1;5.7;0.00002;2;0
26.4;24.1;6;0.000013;2;0
27.4;24.1;6;0.00001;2;0
27.4;24.1;5.7;0.00002;2;0
27.4;24.1;5.4;0.000028;2;0
27.4;24.1;5.1;0.000042;2;0
27.4;24.1;4.8;0.000063;2;0
27.4;24.1;4.5;0.000102;2;0
27.4;24.1;4.2;0.000157;2;0
27.4;24.1;3.9;0.000219;2;0
27.4;24.1;3.6;0.000316;2;0
27.4;24.1;3.3;0.000454;2;0
27.4;24.1;3;0.000612;1;0
27.4;24.1;2.7;0.000843;1;0
27.4;24.1;2.4;0.001108;0;0
27.4;24.1;2.1;0.00147;0;0
27.4;24.1;1.8;0.001915;0;0
27.4;24.1;1.5;0.002429;0;0
27.4;24.1;1.2;0.003024;0;0
27.4;24.1;0.9;0.003735;0;0
27.4;24.1;0.6;0.004585;0;0
27.4;24.1;0.3;0.0055;0;0
27.4;24.1;0;0.006433;0;0
28.4;24.1;0;0.004366;0;0
28.4;24.1;0.3;0.003855;0;0
28.4;24.1;0.6;0.003321;0;0
28.4;24.1;0.9;0.002796;0;0
28.4;24.1;1.2;0.002309;0;0
28.4;24.1;1.5;0.001868;0;0
28.4;24.1;1.8;0.001498;0;0
28.4;24.1;2.1;0.001153;0;0
28.4;24.1;2.4;0.000894;1;0
28.4;24.1;2.7;0.000665;1;0
28.4;24.1;3;0.000506;1;0
28.4;24.1;3.3;0.000366;2;0
28.4;24.1;3.6;0.00026;2;0
28.4;24.1;3.9;0.000176;2;0
28.4;24.1;4.2;0.000123;2;0
28.4;24.1;4.5;0.000087;2;0
28.4;24.1;4.8;0.000055;2;0
28.4;24.1;5.1;0.000036;2;0
28.4;24.1;5.4;0.000021;2;0
28.4;24.1;5.7;0.000016;2;0
28.4;24.1;6;0.00001;2;0
29.4;24.1;6;0.00001;2;0
29.4;24.1;5.7;0.000011;2;0
29.4;24.1;5.4;0.000016;2;0
29.4;24.1;5.1;0.000023;2;0
29.4;24.1;4.8;0.000033;2;0
29.4;24.1;4.5;0.000055;2;0
29.4;24.1;4.2;0.000079;2;0
29.4;24.1;3.9;0.000113;2;0
29.4;24.1;3.6;0.000162;2;0
29.4;24.1;3.3;0.000231;2;0
29.4;24.1;3;0.000308;2;0
29.4;24.1;2.7;0.000413;2;0
29.4;24.1;2.4;0.000543;1;0
29.4;24.1;2.1;0.000703;1;0
29.4;24.1;1.8;0.000871;1;0
29.4;24.1;1.5;0.001086;0;0
29.4;24.1;1.2;0.001307;0;0
29.4;24.1;0.9;0.001542;0;0
29.4;24.1;0.6;0.001795;0;0
29.4;24.1;0.3;0.002017;0;0
29.4;24.1;0;0.002197;0;0
29.4;25.1;0;0.004333;0;0
29.4;25.1;0.3;0.003829;0;0
29.4;25.1;0.6;0.003288;0;0
29.4;25.1;0.9;0.002788;0;0
29.4;25.1;1.2;0.002293;0;0
29.4;25.1;1.5;0.001868;0;0
29.4;25.1;1.8;0.001462;0;0
29.4;25.1;2.1;0.001158;0;0
29.4;25.1;2.4;0.00088;1;0
29.4;25.1;2.7;0.000674;1;0
29.4;25.1;3;0.000502;1;0
29.4;25.1;3.3;0.000355;2;0
29.4;25.1;3.6;0.00026;2;0
29.4;25.1;3.9;0.000187;2;0
29.4;25.1;4.2;0.000127;2;0
29.4;25.1;4.5;0.000084;2;0
29.4;25.1;4.8;0.000056;2;0
29.4;25.1;5.1;0.000037;2;0
29.4;25.1;5.4;0.000024;2;0
29.4;25.1;5.7;0.000015;2;0
29.4;25.1;6;0.00001;2;0
28.4;25.1;6;0.000012;2;0
28.4;25.1;5.7;0.000021;2;0
28.4;25.1;5.4;0.000035;2;0
28.4;25.1;5.1;0.000051;2;0
28.4;25.1;4.8;0.000084;2;0
28.4;25.1;4.5;0.000121;2;0
28.4;25.1;4.2;0.000183;2;0
28.4;25.1;3.9;0.000276;2;0
28.4;25.1;3.6;0.000394;2;0
28.4;25.1;3.3;0.000558;1;0
28.4;25.1;3;0.000765;1;0
28.4;25.1;2.7;0.001049;0;0
28.4;25.1;2.4;0.001413;0;0
28.4;25.1;2.1;0.001872;0;0
28.4;25.1;1.8;0.002434;0;0
28.4;25.1;1.5;0.003151;0;0
28.4;25.1;1.2;0.004008;0;0
28.4;25.1;0.9;0.005032;0;0
28.4;25.1;0.6;0.006325;0;0
28.4;25.1;0.3;0.007793;0;0
28.4;25.1;0;0.009375;0;0
27.4;25.1;0;0.0145;0;0
27.4;25.1;0.3;0.01151;0;0
27.4;25.1;0.6;0.009058;0;0
27.4;25.1;0.9;0.007096;0;0
27.4;25.1;1.2;0.005483;0;0
27.4;25.1;1.5;0.004261;0;0
27.4;25.1;1.8;0.003248;0;0
27.4;25.1;2.1;0.002457;0;0
27.4;25.1;2.4;0.001839;0;0
27.4;25.1;2.7;0.001366;0;0
27.4;25.1;3;0.000995;0;0
27.4;25.1;3.3;0.000716;1;0
27.4;25.1;3.6;0.000515;1;0
27.4;25.1;3.9;0.000358;2;0
27.4;25.1;4.2;0.000244;2;0
27.4;25.1;4.5;0.000157;2;0
27.4;25.1;4.8;0.000106;2;0
27.4;25.1;5.1;0.000067;2;0
27.4;25.1;5.4;0.000042;2;0
27.4;25.1;5.7;0.000029;2;0
27.4;25.1;6;0.000017;2;0
26.4;25.1;6;0.000015;2;0
26.4;25.1;5.7;0.000027;2;0
26.4;25.1;5.4;0.000042;2;0
26.4;25.1;5.1;0.000068;2;0
26.4;25.1;4.8;0.0001;2;0
26.4;25.1;4.5;0.000155;2;0
26.4;25.1;4.2;0.000239;2;0
26.4;25.1;3.9;0.000347;2;0
26.4;25.1;3.6;0.000499;1;0
26.4;25.1;3.3;0.000703;1;0
26.4;25.1;3;0.000991;0;0
26.4;25.1;2.7;0.001366;0;0
26.4;25.1;2.4;0.001831;0;0
26.4;25.1;2.1;0.002443;0;0
26.4;25.1;1.8;0.003261;0;0
26.4;25.1;1.5;0.004234;0;0
26.4;25.1;1.2;0.005517;0;0
26.4;25.1;0.9;0.007097;0;0
26.4;25.1;0.6;0.009108;0;0
26.4;25.1;0.3;0.01161;0;0
26.4;25.1;0;0.01474;0;0
25.4;25.1;0;0.01023;0;0
25.4;25.1;0.3;0.008394;0;0
25.4;25.1;0.6;0.006788;0;0
25.4;25.1;0.9;0.005399;0;0
25.4;25.1;1.2;0.004256;0;0
25.4;25.1;1.5;0.003352;0;0
25.4;25.1;1.8;0.002582;0;0
25.4;25.1;2.1;0.001986;0;0
25.4;25.1;2.4;0.001495;0;0
25.4;25.1;2.7;0.001117;0;0
25.4;25.1;3;0.000816;1;0
25.4;25.1;3.3;0.000588;1;0
25.4;25.1;3.6;0.000418;2;0
25.4;25.1;3.9;0.000283;2;0
25.4;25.1;4.2;0.000193;2;0
25.4;25.1;4.5;0.000133;2;0
25.4;25.1;4.8;0.000085;2;0
25.4;25.1;5.1;0.000053;2;0
25.4;25.1;5.4;0.000034;2;0
25.4;25.1;5.7;0.00002;2;0
25.4;25.1;6;0.000012;2;0
24.4;25.1;6;0.00001;2;0
24.4;25.1;5.7;0.000016;2;0
24.4;25.1;5.4;0.000022;2;0
24.4;25.1;5.1;0.000033;2;0
24.4;25.1;4.8;0.000056;2;0
24.4;25.1;4.5;0.000086;2;0
24.4;25.1;4.2;0.000128;2;0
24.4;25.1;3.9;0.000182;2;0
24.4;25.1;3.6;0.000273;2;0
24.4;25.1;3.3;0.000379;2;0
24.4;25.1;3;0.000518;1;0
24.4;25.1;2.7;0.000704;1;0
24.4;25.1;2.4;0.000925;1;0
24.4;25.1;2.1;0.001211;0;0
24.4;25.1;1.8;0.001569;0;0
24.4;25.1;1.5;0.001977;0;0
24.4;25.1;1.2;0.002495;0;0
24.4;25.1;0.9;0.003049;0;0
24.4;25.1;0.6;0.003704;0;0
24.4;25.1;0.3;0.004402;0;0
24.4;25.1;0;0.005056;0;0
24.4;26.1;0;0.007387;0;0
24.4;26.1;0.3;0.006218;0;0
24.4;26.1;0.6;0.005122;0;0
24.4;26.1;0.9;0.004171;0;0
24.4;26.1;1.2;0.00332;0;0
24.4;26.1;1.5;0.002631;0;0
24.4;26.1;1.8;0.002059;0;0
24.4;26.1;2.1;0.001593;0;0
24.4;26.1;2.4;0.001211;0;0
24.4;26.1;2.7;0.000913;1;0
24.4;26.1;3;0.000661;1;0
24.4;26.1;3.3;0.000482;2;0
24.4;26.1;3.6;0.00034;2;0
24.4;26.1;3.9;0.000239;2;0
24.4;26.1;4.2;0.000163;2;0
24.4;26.1;4.5;0.00011;2;0
24.4;26.1;4.8;0.000071;2;0
24.4;26.1;5.1;0.000043;2;0
24.4;26.1;5.4;0.000029;2;0
24.4;26.1;5.7;0.000019;2;0
24.4;26.1;6;0.00001;2;0
25.4;26.1;6;0.000018;2;0
25.4;26.1;5.7;0.00003;2;0
25.4;26.1;5.4;0.000043;2;0
25.4;26.1;5.1;0.000066;2;0
25.4;26.1;4.8;0.000107;2;0
25.4;26.1;4.5;0.000162;2;0
25.4;26.1;4.2;0.000243;2;0
25.4;26.1;3.9;0.000352;2;0
25.4;26.1;3.6;0.000516;1;0
25.4;26.1;3.3;0.000726;1;0
25.4;26.1;3;0.001013;0;0
25.4;26.1;2.7;0.001401;0;0
25.4;26.1;2.4;0.001898;0;0
25.4;26.1;2.1;0.002523;0;0
25.4;26.1;1.8;0.003357;0;0
25.4;26.1;1.5;0.00438;0;0
25.4;26.1;1.2;0.005694;0;0
25.4;26.1;0.9;0.007357;0;0
25.4;26.1;0.6;0.009459;0;0
25.4;26.1;0.3;0.01215;0;0
25.4;26.1;0;0.01545;0;0
26.4;26.1;0;0.02268;0;0
26.4;26.1;0.3;0.01723;0;0
26.4;26.1;0.6;0.0132;0;0
26.4;26.1;0.9;0.01003;0;0
26.4;26.1;1.2;0.007624;0;0
26.4;26.1;1.5;0.005786;0;0
26.4;26.1;1.8;0.004365;0;0
26.4;26.1;2.1;0.003253;0;0
26.4;26.1;2.4;0.002407;0;0
26.4;26.1;2.7;0.001771;0;0
26.4;26.1;3;0.00129;0;0
26.4;26.1;3.3;0.000924;1;0
26.4;26.1;3.6;0.000638;1;0
26.4;26.1;3.9;0.000444;2;0
26.4;26.1;4.2;0.000308;2;0
26.4;26.1;4.5;0.000205;2;0
26.4;26.1;4.8;0.000132;2;0
26.4;26.1;5.1;0.000081;2;0
26.4;26.1;5.4;0.000054;2;0
26.4;26.1;5.7;0.000032;2;0
26.4;26.1;6;0.00002;2;0
27.4;26.1;6;0.00002;2;0
27.4;26.1;5.7;0.00003;2;0
27.4;26.1;5.4;0.000049;2;0
27.4;26.1;5.1;0.000077;2;0
27.4;26.1;4.8;0.000124;2;0
27.4;26.1;4.5;0.000197;2;0
27.4;26.1;4.2;0.000299;2;0
27.4;26.1;3.9;0.000435;2;0
27.4;26.1;3.6;0.000625;1;0
27.4;26.1;3.3;0.000905;1;0
27.4;26.1;3;0.00124;0;0
27.4;26.1;2.7;0.001724;0;0
27.4;26.1;2.4;0.002337;0;0
27.4;26.1;2.1;0.003143;0;0
27.4;26.1;1.8;0.004216;0;0
27.4;26.1;1.5;0.005598;0;0
27.4;26.1;1.2;0.007418;0;0
27.4;26.1;0.9;0.009733;0;0
27.4;26.1;0.6;0.01286;0;0
27.4;26.1;0.3;0.01688;0;0
27.4;26.1;0;0.02224;0;0
28.4;26.1;0;0.01474;0;0
28.4;26.1;0.3;0.01167;0;0
28.4;26.1;0.6;0.009184;0;0
28.4;26.1;0.9;0.007151;0;0
28.4;26.1;1.2;0.005572;0;0
28.4;26.1;1.5;0.004281;0;0
28.4;26.1;1.8;0.003272;0;0
28.4;26.1;2.1;0.00247;0;0
28.4;26.1;2.4;0.001848;0;0
28.4;26.1;2.7;0.001371;0;0
28.4;26.1;3;0.001001;0;0
28.4;26.1;3.3;0.000727;1;0
28.4;26.1;3.6;0.000507;1;0
28.4;26.1;3.9;0.000359;2;0
28.4;26.1;4.2;0.00024;2;0
28.4;26.1;4.5;0.000157;2;0
28.4;26.1;4.8;0.000105;2;0
28.4;26.1;5.1;0.000071;2;0
28.4;26.1;5.4;0.000043;2;0
28.4;26.1;5.7;0.000025;2;0
28.4;26.1;6;0.000017;2;0
29.4;26.1;6;0.00001;2;0
29.4;26.1;5.7;0.00002;2;0
29.4;26.1;5.4;0.000027;2;0
29.4;26.1;5.1;0.000045;2;0
29.4;26.1;4.8;0.00007;2;0
29.4;26.1;4.5;0.000105;2;0
29.4;26.1;4.2;0.000156;2;0
29.4;26.1;3.9;0.000228;2;0
29.4;26.1;3.6;0.000321;2;0
29.4;26.1;3.3;0.000451;2;0
29.4;26.1;3;0.000617;1;0
29.4;26.1;2.7;0.000849;1;0
29.4;26.1;2.4;0.00113;0;0
29.4;26.1;2.1;0.001486;0;0
29.4;26.1;1.8;0.001912;0;0
29.4;26.1;1.5;0.002433;0;0
29.4;26.1;1.2;0.003066;0;0
29.4;26.1;0.9;0.003762;0;0
29.4;26.1;0.6;0.004589;0;0
29.4;26.1;0.3;0.005479;0;0
29.4;26.1;0;0.006404;0;0
29.4;27.1;0;0.006554;0;0
29.4;27.1;0.3;0.005617;0;0
29.4;27.1;0.6;0.004683;0;0
29.4;27.1;0.9;0.003896;0;0
29.4;27.1;1.2;0.003136;0;0
29.4;27.1;1.5;0.002492;0;0
29.4;27.1;1.8;0.001966;0;0
29.4;27.1;2.1;0.001528;0;0
29.4;27.1;2.4;0.001168;0;0
29.4;27.1;2.7;0.000872;1;0
29.4;27.1;3;0.000634;1;0
29.4;27.1;3.3;0.000466;2;0
29.4;27.1;3.6;0.000332;2;0
29.4;27.1;3.9;0.000229;2;0
29.4;27.1;4.2;0.000156;2;0
29.4;27.1;4.5;0.000103;2;0
29.4;27.1;4.8;0.000069;2;0
29.4;27.1;5.1;0.000047;2;0
29.4;27.1;5.4;0.000028;2;0
29.4;27.1;5.7;0.000018;2;0
29.4;27.1;6;0.000011;2;0
28.4;27.1;6;0.000018;2;0
28.4;27.1;5.7;0.000025;2;0
28.4;27.1;5.4;0.00004;2;0
28.4;27.1;5.1;0.000066;2;0
28.4;27.1;4.8;0.000105;2;0
28.4;27.1;4.5;0.000159;2;0
28.4;27.1;4.2;0.000239;2;0
28.4;27.1;3.9;0.000354;2;0
28.4;27.1;3.6;0.000496;1;0
28.4;27.1;3.3;0.000726;1;0
28.4;27.1;3;0.000999;0;0
28.4;27.1;2.7;0.001376;0;0
28.4;27.1;2.4;0.001841;0;0
28.4;27.1;2.1;0.002469;0;0
28.4;27.1;1.8;0.003266;0;0
28.4;27.1;1.5;0.004261;0;0
28.4;27.1;1.2;0.00555;0;0
28.4;27.1;0.9;0.007132;0;0
28.4;27.1;0.6;0.009154;0;0
28.4;27.1;0.3;0.0117;0;0
28.4;27.1;0;0.01482;0;0
27.4;27.1;0;0.02271;0;0
27.4;27.1;0.3;0.0174;0;0
27.4;27.1;0.6;0.01318;0;0
27.4;27.1;0.9;0.01007;0;0
27.4;27.1;1.2;0.007642;0;0
27.4;27.1;1.5;0.005786;0;0
27.4;27.1;1.8;0.004327;0;0
27.4;27.1;2.1;0.003238;0;0
27.4;27.1;2.4;0.002415;0;0
27.4;27.1;2.7;0.001751;0;0
27.4;27.1;3;0.001279;0;0
27.4;27.1;3.3;0.000913;1;0
27.4;27.1;3.6;0.000646;1;0
27.4;27.1;3.9;0.000455;2;0
27.4;27.1;4.2;0.000307;2;0
27.4;27.1;4.5;0.000204;2;0
27.4;27.1;4.8;0.000133;2;0
27.4;27.1;5.1;0.000087;2;0
27.4;27.1;5.4;0.000054;2;0
27.4;27.1;5.7;0.000032;2;0
27.4;27.1;6;0.00002;2;0
26.4;27.1;6;0.00002;2;0
26.4;27.1;5.7;0.000034;2;0
26.4;27.1;5.4;0.000051;2;0
26.4;27.1;5.1;0.000087;2;0
26.4;27.1;4.8;0.000136;2;0
26.4;27.1;4.5;0.000194;2;0
26.4;27.1;4.2;0.000298;2;0
26.4;27.1;3.9;0.000438;2;0
26.4;27.1;3.6;0.000649;1;0
26.4;27.1;3.3;0.000911;1;0
26.4;27.1;3;0.001275;0;0
26.4;27.1;2.7;0.001767;0;0
26.4;27.1;2.4;0.00239;0;0
26.4;27.1;2.1;0.003239;0;0
26.4;27.1;1.8;0.004306;0;0
26.4;27.1;1.5;0.005736;0;0
26.4;27.1;1.2;0.007599;0;0
26.4;27.1;0.9;0.01003;0;0
26.4;27.1;0.6;0.01324;0;0
26.4;27.1;0.3;0.01746;0;0
26.4;27.1;0;0.02307;0;0
25.4;27.1;0;0.01602;0;0
25.4;27.1;0.3;0.01259;0;0
25.4;27.1;0.6;0.009802;0;0
25.4;27.1;0.9;0.007604;0;0
25.4;27.1;1.2;0.005869;0;0
25.4;27.1;1.5;0.004523;0;0
25.4;27.1;1.8;0.003445;0;0
25.4;27.1;2.1;0.002617;0;0
25.4;27.1;2.4;0.001918;0;0
25.4;27.1;2.7;0.001432;0;0
25.4;27.1;3;0.001055;0;0
25.4;27.1;3.3;0.000756;1;0
25.4;27.1;3.6;0.00054;1;0
25.4;27.1;3.9;0.000369;2;0
25.4;27.1;4.2;0.000253;2;0
25.4;27.1;4.5;0.000168;2;0
25.4;27.1;4.8;0.000104;2;0
25.4;27.1;5.1;0.000066;2;0
25.4;27.1;5.4;0.000047;2;0
25.4;27.1;5.7;0.000029;2;0
25.4;27.1;6;0.000019;2;0
24.4;27.1;6;0.000011;2;0
24.4;27.1;5.7;0.00002;2;0
24.4;27.1;5.4;0.000028;2;0
24.4;27.1;5.1;0.000044;2;0
24.4;27.1;4.8;0.00007;2;0
24.4;27.1;4.5;0.000105;2;0
24.4;27.1;4.2;0.000157;2;0
24.4;27.1;3.9;0.000237;2;0
24.4;27.1;3.6;0.000336;2;0
24.4;27.1;3.3;0.000487;2;0
24.4;27.1;3;0.000657;1;0
24.4;27.1;2.7;0.000899;1;0
24.4;27.1;2.4;0.0012;0;0
24.4;27.1;2.1;0.001577;0;0
24.4;27.1;1.8;0.002061;0;0
24.4;27.1;1.5;0.002641;0;0
24.4;27.1;1.2;0.00336;0;0
24.4;27.1;0.9;0.004184;0;0
24.4;27.1;0.6;0.005174;0;0
24.4;27.1;0.3;0.006285;0;0
24.4;27.1;0;0.00752;0;0
24.4;28.1;0;0.005334;0;0
24.4;28.1;0.3;0.004628;0;0
24.4;28.1;0.6;0.003908;0;0
24.4;28.1;0.9;0.00325;0;0
24.4;28.1;1.2;0.002644;0;0
24.4;28.1;1.5;0.002115;0;0
24.4;28.1;1.8;0.001665;0;0
24.4;28.1;2.1;0.001301;0;0
24.4;28.1;2.4;0.000982;0;0
24.4;28.1;2.7;0.000733;1;0
24.4;28.1;3;0.000546;1;0
24.4;28.1;3.3;0.000397;2;0
24.4;28.1;3.6;0.000284;2;0
24.4;28.1;3.9;0.0002;2;0
24.4;28.1;4.2;0.000135;2;0
24.4;28.1;4.5;0.000093;2;0
24.4;28.1;4.8;0.000058;2;0
24.4;28.1;5.1;0.000037;2;0
24.4;28.1;5.4;0.000023;2;0
24.4;28.1;5.7;0.000016;2;0
24.4;28.1;6;0.00001;2;0
25.4;28.1;6;0.000016;2;0
25.4;28.1;5.7;0.000022;2;0
25.4;28.1;5.4;0.000036;2;0
25.4;28.1;5.1;0.000057;2;0
25.4;28.1;4.8;0.000088;2;0
25.4;28.1;4.5;0.000134;2;0
25.4;28.1;4.2;0.000201;2;0
25.4;28.1;3.9;0.000297;2;0
25.4;28.1;3.6;0.000428;2;0
25.4;28.1;3.3;0.000602;1;0
25.4;28.1;3;0.000833;1;0
25.4;28.1;2.7;0.001132;0;0
25.4;28.1;2.4;0.001525;0;0
25.4;28.1;2.1;0.002034;0;0
25.4;28.1;1.8;0.002688;0;0
25.4;28.1;1.5;0.003463;0;0
25.4;28.1;1.2;0.00444;0;0
25.4;28.1;0.9;0.005664;0;0
25.4;28.1;0.6;0.007157;0;0
25.4;28.1;0.3;0.008915;0;0
25.4;28.1;0;0.01103;0;0
26.4;28.1;0;0.01603;0;0
26.4;28.1;0.3;0.01262;0;0
26.4;28.1;0.6;0.009819;0;0
26.4;28.1;0.9;0.007651;0;0
26.4;28.1;1.2;0.005923;0;0
26.4;28.1;1.5;0.004527;0;0
26.4;28.1;1.8;0.003444;0;0
26.4;28.1;2.1;0.002609;0;0
26.4;28.1;2.4;0.001945;0;0
26.4;28.1;2.7;0.00144;0;0
26.4;28.1;3;0.001069;0;0
26.4;28.1;3.3;0.000756;1;0
26.4;28.1;3.6;0.000539;1;0
26.4;28.1;3.9;0.000364;2;0
26.4;28.1;4.2;0.000253;2;0
26.4;28.1;4.5;0.000169;2;0
26.4;28.1;4.8;0.000112;2;0
26.4;28.1;5.1;0.000068;2;0
26.4;28.1;5.4;0.000045;2;0
26.4;28.1;5.7;0.00003;2;0
26.4;28.1;6;0.000019;2;0
27.4;28.1;6;0.000019;2;0
27.4;28.1;5.7;0.000028;2;0
27.4;28.1;5.4;0.000043;2;0
27.4;28.1;5.1;0.000066;2;0
27.4;28.1;4.8;0.000109;2;0
27.4;28.1;4.5;0.000161;2;0
27.4;28.1;4.2;0.000245;2;0
27.4;28.1;3.9;0.000363;2;0
27.4;28.1;3.6;0.000508;1;0
27.4;28.1;3.3;0.000742;1;0
27.4;28.1;3;0.00102;0;0
27.4;28.1;2.7;0.001389;0;0
27.4;28.1;2.4;0.001885;0;0
27.4;28.1;2.1;0.002518;0;0
27.4;28.1;1.8;0.003356;0;0
27.4;28.1;1.5;0.004381;0;0
27.4;28.1;1.2;0.00572;0;0
27.4;28.1;0.9;0.007366;0;0
27.4;28.1;0.6;0.009476;0;0
27.4;28.1;0.3;0.01214;0;0
27.4;28.1;0;0.01551;0;0
28.4;28.1;0;0.01013;0;0
28.4;28.1;0.3;0.008359;0;0
28.4;28.1;0.6;0.006746;0;0
28.4;28.1;0.9;0.005394;0;0
28.4;28.1;1.2;0.004259;0;0
28.4;28.1;1.5;0.003374;0;0
28.4;28.1;1.8;0.002569;0;0
28.4;28.1;2.1;0.001997;0;0
28.4;28.1;2.4;0.00152;0;0
28.4;28.1;2.7;0.001128;0;0
28.4;28.1;3;0.000811;1;0
28.4;28.1;3.3;0.000586;1;0
28.4;28.1;3.6;0.000422;2;0
28.4;28.1;3.9;0.000288;2;0
28.4;28.1;4.2;0.000203;2;0
28.4;28.1;4.5;0.000137;2;0
28.4;28.1;4.8;0.000087;2;0
28.4;28.1;5.1;0.000058;2;0
28.4;28.1;5.4;0.000034;2;0
28.4;28.1;5.7;0.000022;2;0
28.4;28.1;6;0.000012;2;0
29.4;28.1;6;0.00001;2;0
29.4;28.1;5.7;0.000015;2;0
29.4;28.1;5.4;0.000023;2;0
29.4;28.1;5.1;0.000038;2;0
29.4;28.1;4.8;0.000052;2;0
29.4;28.1;4.5;0.000086;2;0
29.4;28.1;4.2;0.000128;2;0
29.4;28.1;3.9;0.000185;2;0
29.4;28.1;3.6;0.000261;2;0
29.4;28.1;3.3;0.000378;2;0
29.4;28.1;3;0.000512;1;0
29.4;28.1;2.7;0.000686;1;0
29.4;28.1;2.4;0.000917;1;0
29.4;28.1;2.1;0.00119;0;0
29.4;28.1;1.8;0.001517;0;0
29.4;28.1;1.5;0.001927;0;0
29.4;28.1;1.2;0.002378;0;0
29.4;28.1;0.9;0.0029;0;0
29.4;28.1;0.6;0.003445;0;0
29.4;28.1;0.3;0.004055;0;0
29.4;28.1;0;0.00457;0;0
29.4;29.1;0;0.002405;0;0
29.4;29.1;0.3;0.002202;0;0
29.4;29.1;0.6;0.001964;0;0
29.4;29.1;0.9;0.001683;0;0
29.4;29.1;1.2;0.00143;0;0
29.4;29.1;1.5;0.001187;0;0
29.4;29.1;1.8;0.000955;1;0
29.4;29.1;2.1;0.000766;1;0
29.4;29.1;2.4;0.000593;1;0
29.4;29.1;2.7;0.000456;2;0
29.4;29.1;3;0.000334;2;0
29.4;29.1;3.3;0.000249;2;0
29.4;29.1;3.6;0.000181;2;0
29.4;29.1;3.9;0.000125;2;0
29.4;29.1;4.2;0.000086;2;0
29.4;29.1;4.5;0.000061;2;0
29.4;29.1;4.8;0.000038;2;0
29.4;29.1;5.1;0.000023;2;0
29.4;29.1;5.4;0.000019;2;0
29.4;29.1;5.7;0.00001;2;0
29.4;29.1;6;0.00001;2;0
28.4;29.1;6;0.00001;2;0
28.4;29.1;5.7;0.000017;2;0
28.4;29.1;5.4;0.000027;2;0
28.4;29.1;5.1;0.000031;2;0
28.4;29.1;4.8;0.000056;2;0
28.4;29.1;4.5;0.000084;2;0
28.4;29.1;4.2;0.000128;2;0
28.4;29.1;3.9;0.000188;2;0
28.4;29.1;3.6;0.000271;2;0
28.4;29.1;3.3;0.000373;2;0
28.4;29.1;3;0.000519;1;0
28.4;29.1;2.7;0.000697;1;0
28.4;29.1;2.4;0.000933;1;0
28.4;29.1;2.1;0.001211;0;0
28.4;29.1;1.8;0.001559;0;0
28.4;29.1;1.5;0.001958;0;0
28.4;29.1;1.2;0.002439;0;0
28.4;29.1;0.9;0.003001;0;0
28.4;29.1;0.6;0.003568;0;0
28.4;29.1;0.3;0.004194;0;0
28.4;29.1;0;0.004783;0;0
27.4;29.1;0;0.007087;0;0
27.4;29.1;0.3;0.006073;0;0
27.4;29.1;0.6;0.005014;0;0
27.4;29.1;0.9;0.004113;0;0
27.4;29.1;1.2;0.003328;0;0
27.4;29.1;1.5;0.002624;0;0
27.4;29.1;1.8;0.002054;0;0
27.4;29.1;2.1;0.001588;0;0
27.4;29.1;2.4;0.001222;0;0
27.4;29.1;2.7;0.000911;1;0
27.4;29.1;3;0.000667;1;0
27.4;29.1;3.3;0.000489;1;0
27.4;29.1;3.6;0.000342;2;0
27.4;29.1;3.9;0.000242;2;0
27.4;29.1;4.2;0.000161;2;0
27.4;29.1;4.5;0.00011;2;0
27.4;29.1;4.8;0.000074;2;0
27.4;29.1;5.1;0.000046;2;0
27.4;29.1;5.4;0.000029;2;0
27.4;29.1;5.7;0.000018;2;0
27.4;29.1;6;0.000011;2;0
26.4;29.1;6;0.00001;2;0
26.4;29.1;5.7;0.000019;2;0
26.4;29.1;5.4;0.000029;2;0
26.4;29.1;5.1;0.000044;2;0
26.4;29.1;4.8;0.00007;2;0
26.4;29.1;4.5;0.000108;2;0
26.4;29.1;4.2;0.000165;2;0
26.4;29.1;3.9;0.000234;2;0
26.4;29.1;3.6;0.000336;2;0
26.4;29.1;3.3;0.00048;1;0
26.4;29.1;3;0.000668;1;0
26.4;29.1;2.7;0.0009;1;0
26.4;29.1;2.4;0.001203;0;0
26.4;29.1;2.1;0.001592;0;0
26.4;29.1;1.8;0.002068;0;0
26.4;29.1;1.5;0.002645;0;0
26.4;29.1;1.2;0.003342;0;0
26.4;29.1;0.9;0.004179;0;0
26.4;29.1;0.6;0.005089;0;0
26.4;29.1;0.3;0.006173;0;0
26.4;29.1;0;0.007323;0;0
25.4;29.1;0;0.005287;0;0
25.4;29.1;0.3;0.004584;0;0
25.4;29.1;0.6;0.00389;0;0
25.4;29.1;0.9;0.003207;0;0
25.4;29.1;1.2;0.002651;0;0
25.4;29.1;1.5;0.002112;0;0
25.4;29.1;1.8;0.001661;0;0
25.4;29.1;2.1;0.001296;0;0
25.4;29.1;2.4;0.000983;0;0
25.4;29.1;2.7;0.000745;1;0
25.4;29.1;3;0.000549;1;0
25.4;29.1;3.3;0.000405;2;0
25.4;29.1;3.6;0.000282;2;0
25.4;29.1;3.9;0.000196;2;0
25.4;29.1;4.2;0.000135;2;0
25.4;29.1;4.5;0.00009;2;0
25.4;29.1;4.8;0.00006;2;0
25.4;29.1;5.1;0.00004;2;0
25.4;29.1;5.4;0.000026;2;0
25.4;29.1;5.7;0.000019;2;0
25.4;29.1;6;0.00001;2;0
24.4;29.1;6;0.00001;2;0
24.4;29.1;5.7;0.00001;2;0
24.4;29.1;5.4;0.000018;2;0
24.4;29.1;5.1;0.000026;2;0
24.4;29.1;4.8;0.000035;2;0
24.4;29.1;4.5;0.000059;2;0
24.4;29.1;4.2;0.000088;2;0
24.4;29.1;3.9;0.000128;2;0
24.4;29.1;3.6;0.000186;2;0
24.4;29.1;3.3;0.000256;2;0
24.4;29.1;3;0.000341;2;0
24.4;29.1;2.7;0.000465;2;0
24.4;29.1;2.4;0.000612;1;0
24.4;29.1;2.1;0.000798;1;0
24.4;29.1;1.8;0.001011;0;0
24.4;29.1;1.5;0.001264;0;0
24.4;29.1;1.2;0.001551;0;0
24.4;29.1;0.9;0.001851;0;0
24.4;29.1;0.6;0.002174;0;0
24.4;29.1;0.3;0.00248;0;0
24.4;29.1;0;0.002758;0;0
