-1.000000000000000000e+00 1.827900000000000011e-02
-9.865000000000000435e-01 1.831299999999999942e-02
-9.729999999999999760e-01 1.833800000000000013e-02
-9.595000000000000195e-01 1.831599999999999895e-02
-9.459999999999999520e-01 1.833500000000000060e-02
-9.324999999999999956e-01 1.831899999999999848e-02
-9.190000000000000391e-01 1.831100000000000089e-02
-9.054999999999999716e-01 1.837499999999999897e-02
-8.920000000000000151e-01 1.830599999999999936e-02
-8.785000000000000586e-01 1.830100000000000129e-02
-8.649999999999999911e-01 1.833200000000000107e-02
-8.515000000000000346e-01 1.837799999999999850e-02
-8.379999999999999671e-01 1.828199999999999964e-02
-8.245000000000000107e-01 1.840800000000000075e-02
-8.109999999999999432e-01 1.862799999999999873e-02
-7.974999999999999867e-01 1.671900000000000122e-02
-7.840000000000000302e-01 1.642000000000000057e-02
-7.704999999999999627e-01 1.629900000000000099e-02
-7.570000000000000062e-01 1.627500000000000127e-02
-7.435000000000000497e-01 1.623799999999999896e-02
-7.299999999999999822e-01 1.621500000000000025e-02
-7.164999999999999147e-01 1.619699999999999959e-02
-7.030000000000000693e-01 1.618400000000000047e-02
-6.895000000000000018e-01 1.622699999999999837e-02
-6.759999999999999343e-01 1.617700000000000041e-02
-6.624999999999999778e-01 1.617000000000000035e-02
-6.490000000000000213e-01 1.625599999999999962e-02
-6.354999999999999538e-01 1.625300000000000009e-02
-6.219999999999999973e-01 1.629099999999999993e-02
-6.085000000000000409e-01 1.635199999999999848e-02
-5.949999999999999734e-01 1.642499999999999863e-02
-5.815000000000000169e-01 1.652800000000000102e-02
-5.680000000000000604e-01 1.660199999999999870e-02
-5.544999999999999929e-01 1.666799999999999879e-02
-5.409999999999999254e-01 1.677299999999999972e-02
-5.274999999999999689e-01 1.696599999999999844e-02
-5.140000000000000124e-01 1.747599999999999848e-02
-5.004999999999999449e-01 1.946399999999999866e-02
-4.869999999999999885e-01 1.907999999999999974e-02
-4.735000000000000320e-01 1.910200000000000092e-02
-4.599999999999999645e-01 1.918399999999999966e-02
-4.465000000000000080e-01 1.920200000000000032e-02
-4.329999999999999405e-01 1.933299999999999949e-02
-4.195000000000000950e-01 1.945500000000000007e-02
-4.060000000000000275e-01 1.950100000000000097e-02
-3.925000000000000711e-01 1.962300000000000155e-02
-3.790000000000000036e-01 1.975500000000000173e-02
-3.655000000000000471e-01 1.982700000000000087e-02
-3.519999999999999796e-01 1.994399999999999992e-02
-3.385000000000000231e-01 2.003999999999999879e-02
-3.249999999999999556e-01 2.012100000000000000e-02
-3.114999999999999991e-01 2.026899999999999882e-02
-2.980000000000000426e-01 2.039600000000000093e-02
-2.844999999999999751e-01 2.054699999999999929e-02
-2.710000000000000187e-01 2.066499999999999934e-02
-2.574999999999999512e-01 2.083499999999999935e-02
-2.439999999999999947e-01 2.097600000000000159e-02
-2.304999999999999272e-01 2.112599999999999895e-02
-2.169999999999999707e-01 2.122699999999999934e-02
-2.035000000000000142e-01 2.141399999999999901e-02
-1.900000000000000577e-01 2.157299999999999843e-02
-1.764999999999999902e-01 2.173399999999999985e-02
-1.630000000000000338e-01 2.191500000000000045e-02
-1.494999999999999662e-01 2.214700000000000002e-02
-1.360000000000000098e-01 2.233100000000000016e-02
-1.224999999999999423e-01 2.246599999999999986e-02
-1.089999999999999858e-01 2.278000000000000164e-02
-9.549999999999991829e-02 2.300400000000000014e-02
-8.199999999999996181e-02 2.332499999999999851e-02
-6.849999999999989431e-02 2.365599999999999994e-02
-5.499999999999993783e-02 2.431799999999999934e-02
-4.150000000000009237e-02 2.512899999999999856e-02
-2.800000000000002487e-02 2.656599999999999934e-02
-1.450000000000006839e-02 2.939500000000000099e-02
-1.000000000000000888e-03 5.246800000000000075e-02
1.249999999999995559e-02 5.020399999999999863e-02
2.600000000000002309e-02 5.079399999999999887e-02
3.950000000000009059e-02 5.208200000000000329e-02
5.299999999999993605e-02 5.233999999999999764e-02
6.650000000000000355e-02 5.167100000000000165e-02
8.000000000000007105e-02 5.203399999999999692e-02
9.350000000000013856e-02 5.257599999999999774e-02
1.069999999999999840e-01 5.285499999999999921e-02
1.205000000000000515e-01 5.320500000000000229e-02
1.340000000000001190e-01 5.316300000000000192e-02
1.475000000000001865e-01 5.314200000000000174e-02
1.609999999999998099e-01 5.337299999999999683e-02
1.744999999999998774e-01 5.358299999999999869e-02
1.879999999999999449e-01 5.369499999999999967e-02
2.015000000000000124e-01 5.387299999999999728e-02
2.149999999999998579e-01 5.401000000000000245e-02
2.284999999999999254e-01 5.397899999999999920e-02
2.419999999999999929e-01 5.411799999999999944e-02
2.555000000000000604e-01 5.425900000000000167e-02
2.689999999999999059e-01 5.424299999999999955e-02
2.824999999999999734e-01 5.426799999999999680e-02
2.960000000000000409e-01 5.463200000000000001e-02
3.095000000000001084e-01 5.458699999999999664e-02
3.229999999999999538e-01 5.447199999999999959e-02
3.365000000000000213e-01 5.459499999999999770e-02
3.500000000000000888e-01 5.470300000000000162e-02
3.635000000000001563e-01 5.475100000000000106e-02
3.770000000000000018e-01 5.469299999999999856e-02
3.904999999999998472e-01 5.479799999999999949e-02
4.039999999999999147e-01 5.477300000000000224e-02
4.174999999999999822e-01 5.463799999999999907e-02
4.310000000000000497e-01 5.466700000000000031e-02
4.444999999999998952e-01 5.481300000000000061e-02
4.579999999999999627e-01 5.475100000000000106e-02
4.715000000000000302e-01 5.466200000000000225e-02
4.850000000000000977e-01 5.459699999999999970e-02
4.984999999999999432e-01 5.464999999999999719e-02
5.120000000000000107e-01 5.462199999999999694e-02
5.255000000000000782e-01 5.466200000000000225e-02
5.390000000000001457e-01 5.454699999999999827e-02
5.524999999999999911e-01 5.457200000000000245e-02
5.660000000000000586e-01 5.459499999999999770e-02
5.795000000000001261e-01 5.452599999999999808e-02
5.929999999999999716e-01 5.445799999999999946e-02
6.065000000000000391e-01 5.446600000000000052e-02
6.199999999999998845e-01 5.439999999999999697e-02
6.334999999999999520e-01 5.438500000000000278e-02
6.470000000000000195e-01 5.428199999999999692e-02
6.604999999999998650e-01 5.422099999999999836e-02
6.739999999999999325e-01 5.423399999999999749e-02
6.875000000000000000e-01 5.409100000000000019e-02
7.010000000000000675e-01 5.408199999999999813e-02
7.145000000000001350e-01 5.387299999999999728e-02
7.279999999999999805e-01 5.380499999999999866e-02
7.415000000000000480e-01 5.364100000000000118e-02
7.550000000000001155e-01 5.350699999999999901e-02
7.684999999999999609e-01 5.367100000000000343e-02
7.820000000000000284e-01 5.337200000000000277e-02
7.955000000000000959e-01 5.311300000000000049e-02
8.090000000000001634e-01 5.309599999999999737e-02
8.225000000000002309e-01 5.298900000000000138e-02
8.360000000000000764e-01 5.292199999999999682e-02
8.495000000000001439e-01 5.282499999999999696e-02
8.630000000000002114e-01 5.253900000000000237e-02
8.765000000000000568e-01 5.248300000000000187e-02
8.900000000000001243e-01 5.233100000000000251e-02
9.034999999999997478e-01 5.226599999999999996e-02
9.169999999999998153e-01 5.205100000000000005e-02
9.304999999999998828e-01 5.198799999999999949e-02
9.439999999999999503e-01 5.167599999999999971e-02
9.574999999999997957e-01 5.159699999999999703e-02
9.709999999999998632e-01 5.141099999999999837e-02
9.844999999999999307e-01 5.118600000000000233e-02
9.979999999999999982e-01 5.088600000000000068e-02
1.011499999999999844e+00 5.063399999999999845e-02
1.024999999999999911e+00 5.040200000000000236e-02
1.038499999999999979e+00 5.012400000000000189e-02
1.052000000000000046e+00 4.989199999999999885e-02
1.065500000000000114e+00 4.984600000000000142e-02
1.079000000000000181e+00 4.959100000000000313e-02
1.092499999999999805e+00 4.911599999999999994e-02
1.105999999999999872e+00 4.899300000000000183e-02
1.119499999999999940e+00 4.852100000000000163e-02
1.133000000000000007e+00 4.831099999999999978e-02
1.146500000000000075e+00 4.803299999999999931e-02
1.160000000000000142e+00 4.762700000000000267e-02
1.173500000000000210e+00 4.721899999999999709e-02
1.187000000000000277e+00 4.685299999999999881e-02
1.200499999999999901e+00 4.646399999999999836e-02
1.213999999999999968e+00 4.601999999999999841e-02
1.227500000000000036e+00 4.553900000000000309e-02
1.241000000000000103e+00 4.514100000000000057e-02
1.254500000000000171e+00 4.463400000000000006e-02
1.268000000000000238e+00 4.429099999999999704e-02
1.281500000000000306e+00 4.356999999999999762e-02
1.295000000000000373e+00 4.300799999999999762e-02
1.308499999999999996e+00 4.245700000000000168e-02
1.321999999999999620e+00 4.172200000000000214e-02
1.335499999999999687e+00 4.107000000000000234e-02
1.348999999999999755e+00 4.034399999999999792e-02
1.362499999999999822e+00 3.949500000000000233e-02
1.375999999999999890e+00 3.851899999999999769e-02
1.389499999999999957e+00 3.767999999999999822e-02
1.403000000000000025e+00 3.662900000000000184e-02
1.416500000000000092e+00 3.540800000000000197e-02
1.429999999999999716e+00 3.401499999999999663e-02
1.443499999999999783e+00 3.216100000000000209e-02
1.456999999999999851e+00 3.029099999999999848e-02
1.470499999999999918e+00 2.801500000000000171e-02
1.483999999999999986e+00 2.573299999999999893e-02
