-2.500000000000000000e+01 0.000000000000000000e+00 8.448099999999999395e-09
-2.454545454545454675e+01 2.522900000000000046e-08 0.000000000000000000e+00
-2.409090909090908994e+01 0.000000000000000000e+00 0.000000000000000000e+00
-2.363636363636363669e+01 0.000000000000000000e+00 0.000000000000000000e+00
-2.318181818181818343e+01 0.000000000000000000e+00 0.000000000000000000e+00
-2.272727272727272663e+01 0.000000000000000000e+00 0.000000000000000000e+00
-2.227272727272727337e+01 0.000000000000000000e+00 0.000000000000000000e+00
-2.181818181818182012e+01 0.000000000000000000e+00 0.000000000000000000e+00
-2.136363636363636331e+01 0.000000000000000000e+00 0.000000000000000000e+00
-2.090909090909091006e+01 0.000000000000000000e+00 0.000000000000000000e+00
-2.045454545454545325e+01 0.000000000000000000e+00 0.000000000000000000e+00
-2.000000000000000000e+01 0.000000000000000000e+00 0.000000000000000000e+00
-1.954545454545454675e+01 0.000000000000000000e+00 0.000000000000000000e+00
-1.909090909090908994e+01 0.000000000000000000e+00 0.000000000000000000e+00
-1.863636363636363669e+01 0.000000000000000000e+00 0.000000000000000000e+00
-1.818181818181818343e+01 0.000000000000000000e+00 0.000000000000000000e+00
-1.772727272727272663e+01 2.372900000000000026e-08 0.000000000000000000e+00
-1.727272727272727337e+01 0.000000000000000000e+00 0.000000000000000000e+00
-1.681818181818182012e+01 2.361500000000000003e-08 0.000000000000000000e+00
-1.636363636363636331e+01 0.000000000000000000e+00 0.000000000000000000e+00
-1.590909090909090828e+01 0.000000000000000000e+00 0.000000000000000000e+00
-1.545454545454545325e+01 0.000000000000000000e+00 3.587500000000000195e-08
-1.500000000000000000e+01 1.742299999999999991e-08 0.000000000000000000e+00
-1.454545454545454675e+01 0.000000000000000000e+00 0.000000000000000000e+00
-1.409090909090909172e+01 0.000000000000000000e+00 0.000000000000000000e+00
-1.363636363636363669e+01 0.000000000000000000e+00 0.000000000000000000e+00
-1.318181818181818166e+01 1.276700000000000044e-07 0.000000000000000000e+00
-1.272727272727272663e+01 0.000000000000000000e+00 0.000000000000000000e+00
-1.227272727272727337e+01 5.238799999999999900e-08 0.000000000000000000e+00
-1.181818181818182012e+01 0.000000000000000000e+00 0.000000000000000000e+00
-1.136363636363636509e+01 0.000000000000000000e+00 0.000000000000000000e+00
-1.090909090909091006e+01 1.305900000000000067e-07 0.000000000000000000e+00
-1.045454545454545503e+01 7.358899999999999807e-08 0.000000000000000000e+00
-1.000000000000000000e+01 2.592799999999999765e-07 7.850500000000000053e-08
-9.545454545454546746e+00 7.006899999999999566e-07 6.526200000000000298e-07
-9.090909090909091717e+00 3.108200000000000158e-06 6.672300000000000263e-07
-8.636363636363636687e+00 3.495499999999999821e-06 2.293100000000000119e-06
-8.181818181818183433e+00 5.752000000000000155e-06 2.840399999999999944e-06
-7.727272727272726627e+00 1.017300000000000069e-05 7.252199999999999784e-06
-7.272727272727273373e+00 1.754100000000000028e-05 1.130100000000000073e-05
-6.818181818181816567e+00 2.828000000000000029e-05 2.051600000000000144e-05
-6.363636363636363313e+00 5.019200000000000327e-05 3.552200000000000312e-05
-5.909090909090906507e+00 7.528499999999999494e-05 5.794999999999999912e-05
-5.454545454545453254e+00 1.115200000000000029e-04 9.052599999999999352e-05
-5.000000000000000000e+00 1.753500000000000067e-04 1.310399999999999922e-04
-4.545454545454543194e+00 2.740199999999999819e-04 2.032699999999999969e-04
-4.090909090909093493e+00 4.089900000000000263e-04 3.137999999999999839e-04
-3.636363636363636687e+00 6.407799999999999737e-04 4.722600000000000083e-04
-3.181818181818183433e+00 9.839099999999999496e-04 7.032600000000000396e-04
-2.727272727272726627e+00 1.486300000000000078e-03 1.040700000000000089e-03
-2.272727272727273373e+00 2.400999999999999922e-03 1.627100000000000031e-03
-1.818181818181820120e+00 4.062900000000000365e-03 2.518499999999999905e-03
-1.363636363636363313e+00 7.497400000000000418e-03 4.070400000000000060e-03
-9.090909090909100598e-01 1.400900000000000062e-02 7.776599999999999832e-03
-4.545454545454532536e-01 2.281899999999999901e-02 2.283999999999999919e-02
0.000000000000000000e+00 2.296799999999999883e-02 2.296799999999999883e-02
4.545454545454532536e-01 1.401999999999999948e-02 7.771799999999999715e-03
9.090909090909100598e-01 7.504600000000000160e-03 4.073900000000000091e-03
1.363636363636359761e+00 4.072300000000000052e-03 2.479600000000000207e-03
1.818181818181820120e+00 2.449400000000000015e-03 1.623199999999999990e-03
2.272727272727269821e+00 1.512700000000000069e-03 1.052100000000000040e-03
2.727272727272726627e+00 9.648000000000000326e-04 7.036300000000000106e-04
3.181818181818179880e+00 6.355799999999999558e-04 4.671000000000000239e-04
3.636363636363636687e+00 4.022900000000000260e-04 3.097400000000000262e-04
4.090909090909089940e+00 2.695999999999999937e-04 2.017900000000000043e-04
4.545454545454546746e+00 1.797299999999999885e-04 1.298399999999999901e-04
5.000000000000000000e+00 1.179199999999999958e-04 8.466199999999999681e-05
5.454545454545456806e+00 7.396500000000000080e-05 5.166600000000000305e-05
5.909090909090906507e+00 4.555399999999999787e-05 3.334500000000000007e-05
6.363636363636366866e+00 2.663199999999999845e-05 2.118000000000000050e-05
6.818181818181816567e+00 1.658800000000000110e-05 1.151800000000000051e-05
7.272727272727273373e+00 8.979400000000000798e-06 6.105599999999999615e-06
7.727272727272726627e+00 6.251200000000000390e-06 3.509000000000000200e-06
8.181818181818186986e+00 2.615199999999999966e-06 1.470599999999999947e-06
8.636363636363633134e+00 1.439499999999999940e-06 6.378600000000000220e-07
9.090909090909086387e+00 2.874499999999999965e-07 1.267100000000000011e-07
9.545454545454546746e+00 2.754999999999999987e-07 1.184299999999999957e-07
1.000000000000000000e+01 4.736900000000000018e-07 0.000000000000000000e+00
1.045454545454545325e+01 7.415300000000000232e-09 0.000000000000000000e+00
1.090909090909090651e+01 2.147999999999999911e-07 0.000000000000000000e+00
1.136363636363636687e+01 0.000000000000000000e+00 1.158900000000000041e-08
1.181818181818181301e+01 0.000000000000000000e+00 0.000000000000000000e+00
1.227272727272727337e+01 0.000000000000000000e+00 2.000299999999999985e-07
1.272727272727272663e+01 0.000000000000000000e+00 3.430699999999999744e-08
1.318181818181818699e+01 0.000000000000000000e+00 0.000000000000000000e+00
1.363636363636363313e+01 0.000000000000000000e+00 0.000000000000000000e+00
1.409090909090909349e+01 0.000000000000000000e+00 0.000000000000000000e+00
1.454545454545454675e+01 0.000000000000000000e+00 0.000000000000000000e+00
1.500000000000000000e+01 0.000000000000000000e+00 0.000000000000000000e+00
1.545454545454545325e+01 0.000000000000000000e+00 0.000000000000000000e+00
1.590909090909091361e+01 0.000000000000000000e+00 0.000000000000000000e+00
1.636363636363636687e+01 0.000000000000000000e+00 3.933199999999999777e-08
1.681818181818181301e+01 1.194600000000000122e-07 0.000000000000000000e+00
1.727272727272727337e+01 0.000000000000000000e+00 0.000000000000000000e+00
1.772727272727272663e+01 0.000000000000000000e+00 0.000000000000000000e+00
1.818181818181817988e+01 0.000000000000000000e+00 0.000000000000000000e+00
1.863636363636363313e+01 0.000000000000000000e+00 2.600200000000000016e-08
1.909090909090909349e+01 0.000000000000000000e+00 0.000000000000000000e+00
1.954545454545454675e+01 0.000000000000000000e+00 0.000000000000000000e+00
2.000000000000000000e+01 0.000000000000000000e+00 0.000000000000000000e+00
2.045454545454545325e+01 0.000000000000000000e+00 0.000000000000000000e+00
2.090909090909091361e+01 0.000000000000000000e+00 0.000000000000000000e+00
2.136363636363635976e+01 0.000000000000000000e+00 0.000000000000000000e+00
2.181818181818182012e+01 0.000000000000000000e+00 0.000000000000000000e+00
2.227272727272727337e+01 0.000000000000000000e+00 0.000000000000000000e+00
2.272727272727272663e+01 0.000000000000000000e+00 0.000000000000000000e+00
2.318181818181817988e+01 2.605299999999999844e-08 5.372700000000000193e-08
2.363636363636364024e+01 0.000000000000000000e+00 0.000000000000000000e+00
2.409090909090909349e+01 0.000000000000000000e+00 0.000000000000000000e+00
2.454545454545454675e+01 0.000000000000000000e+00 0.000000000000000000e+00
